10.7666015625	61.53
21.533203125	58.95
32.2998046875	58.49
43.06640625	64.97
53.8330078125	64.7
64.599609375	57.27
75.3662109375	51.68
86.1328125	41.95
96.8994140625	40.07
107.666015625	45.18
118.4326171875	48.39
129.19921875	52.52
139.9658203125	54.9
150.732421875	49.32
161.4990234375	43.91
172.265625	49.11
183.0322265625	53.03
193.798828125	49.51
204.5654296875	39.93
215.33203125	45.45
226.0986328125	49.53
236.865234375	46.07
247.6318359375	45.65
258.3984375	44.91
269.1650390625	47.16
279.931640625	49.82
290.6982421875	51.45
301.46484375	50.28
312.2314453125	55.69
322.998046875	49.93
333.7646484375	46.2
344.53125	50.01
355.2978515625	48.39
366.064453125	47.51
376.8310546875	46.28
387.59765625	47.5
398.3642578125	48.73
409.130859375	43.57
419.8974609375	45.51
430.6640625	44.39
441.4306640625	43.72
452.197265625	42.08
462.9638671875	44.06
473.73046875	47.0
484.4970703125	41.88
495.263671875	43.6
506.0302734375	44.47
516.796875	45.84
527.5634765625	43.13
538.330078125	42.72
549.0966796875	45.54
559.86328125	48.58
570.6298828125	46.05
581.396484375	41.0
592.1630859375	40.65
602.9296875	43.17
613.6962890625	42.63
624.462890625	42.51
635.2294921875	45.8
645.99609375	43.52
656.7626953125	43.96
667.529296875	47.91
678.2958984375	41.42
689.0625	39.92
699.8291015625	44.48
710.595703125	40.63
721.3623046875	42.98
732.12890625	42.17
742.8955078125	40.76
753.662109375	42.71
764.4287109375	42.16
775.1953125	38.73
785.9619140625	40.65
796.728515625	39.09
807.4951171875	36.21
818.26171875	37.71
829.0283203125	40.31
839.794921875	39.69
850.5615234375	40.25
861.328125	37.32
872.0947265625	37.57
882.861328125	37.28
893.6279296875	40.19
904.39453125	41.26
915.1611328125	40.53
925.927734375	42.29
936.6943359375	43.82
947.4609375	42.85
958.2275390625	39.83
968.994140625	39.98
979.7607421875	42.64
990.52734375	43.72
1001.2939453125	45.09
1012.060546875	40.61
1022.8271484375	38.3
1033.59375	38.51
1044.3603515625	40.74
1055.126953125	42.64
1065.8935546875	43.75
1076.66015625	43.85
1087.4267578125	43.89
1098.193359375	43.93
1108.9599609375	43.34
1119.7265625	45.82
1130.4931640625	47.27
1141.259765625	42.74
1152.0263671875	39.7
1162.79296875	41.46
1173.5595703125	46.79
1184.326171875	49.85
1195.0927734375	46.85
1205.859375	46.62
1216.6259765625	43.25
1227.392578125	44.69
1238.1591796875	45.72
1248.92578125	45.94
1259.6923828125	46.57
1270.458984375	45.34
1281.2255859375	44.53
1291.9921875	43.66
1302.7587890625	44.99
1313.525390625	45.19
1324.2919921875	47.64
1335.05859375	50.06
1345.8251953125	46.69
1356.591796875	45.2
1367.3583984375	41.01
1378.125	42.07
1388.8916015625	39.72
1399.658203125	39.49
1410.4248046875	41.03
1421.19140625	38.16
1431.9580078125	37.68
1442.724609375	35.95
1453.4912109375	37.62
1464.2578125	34.48
1475.0244140625	32.17
1485.791015625	34.63
1496.5576171875	35.8
1507.32421875	34.09
1518.0908203125	34.47
1528.857421875	35.37
1539.6240234375	42.11
1550.390625	40.59
1561.1572265625	39.6
1571.923828125	41.39
1582.6904296875	42.81
1593.45703125	38.84
1604.2236328125	34.41
1614.990234375	36.77
1625.7568359375	39.34
1636.5234375	35.62
1647.2900390625	35.83
1658.056640625	37.45
1668.8232421875	37.34
1679.58984375	39.5
1690.3564453125	39.07
1701.123046875	36.39
1711.8896484375	39.52
1722.65625	41.32
1733.4228515625	40.39
1744.189453125	41.61
1754.9560546875	41.85
1765.72265625	38.61
1776.4892578125	36.35
1787.255859375	38.81
1798.0224609375	32.55
1808.7890625	31.43
1819.5556640625	37.43
1830.322265625	45.47
1841.0888671875	44.42
1851.85546875	45.1
1862.6220703125	47.74
1873.388671875	44.07
1884.1552734375	40.28
1894.921875	39.44
1905.6884765625	42.0
1916.455078125	45.85
1927.2216796875	40.27
1937.98828125	36.56
1948.7548828125	39.93
1959.521484375	39.14
1970.2880859375	36.49
1981.0546875	38.03
1991.8212890625	43.44
2002.587890625	41.87
2013.3544921875	41.46
2024.12109375	42.74
2034.8876953125	44.13
2045.654296875	41.69
2056.4208984375	39.55
2067.1875	40.68
2077.9541015625	44.62
2088.720703125	41.17
2099.4873046875	41.48
2110.25390625	42.02
2121.0205078125	44.51
2131.787109375	46.98
2142.5537109375	42.61
2153.3203125	40.69
2164.0869140625	44.39
2174.853515625	37.95
2185.6201171875	36.81
2196.38671875	41.68
2207.1533203125	40.06
2217.919921875	38.54
2228.6865234375	40.17
2239.453125	45.73
2250.2197265625	45.86
2260.986328125	43.24
2271.7529296875	37.53
2282.51953125	37.45
2293.2861328125	40.25
2304.052734375	38.8
2314.8193359375	39.44
2325.5859375	44.13
2336.3525390625	39.02
2347.119140625	37.93
2357.8857421875	41.29
2368.65234375	41.56
2379.4189453125	42.65
2390.185546875	45.31
2400.9521484375	42.67
2411.71875	42.73
2422.4853515625	45.01
2433.251953125	44.7
2444.0185546875	42.21
2454.78515625	36.61
2465.5517578125	32.45
2476.318359375	37.37
2487.0849609375	43.76
2497.8515625	46.07
2508.6181640625	42.04
2519.384765625	41.66
2530.1513671875	39.47
2540.91796875	38.24
2551.6845703125	41.99
2562.451171875	46.53
2573.2177734375	47.1
2583.984375	39.39
2594.7509765625	41.46
2605.517578125	43.72
2616.2841796875	41.92
2627.05078125	42.41
2637.8173828125	38.46
2648.583984375	34.73
2659.3505859375	35.25
2670.1171875	40.24
2680.8837890625	46.46
2691.650390625	45.84
2702.4169921875	42.77
2713.18359375	43.91
2723.9501953125	45.07
2734.716796875	45.25
2745.4833984375	39.55
2756.25	40.57
2767.0166015625	41.29
2777.783203125	37.36
2788.5498046875	36.03
2799.31640625	39.86
2810.0830078125	40.68
2820.849609375	42.4
2831.6162109375	42.66
2842.3828125	42.71
2853.1494140625	36.75
2863.916015625	39.33
2874.6826171875	41.2
2885.44921875	42.17
2896.2158203125	41.94
2906.982421875	41.56
2917.7490234375	37.52
2928.515625	38.13
2939.2822265625	41.09
2950.048828125	39.65
2960.8154296875	43.6
2971.58203125	41.24
2982.3486328125	40.35
2993.115234375	46.44
3003.8818359375	45.11
3014.6484375	43.36
3025.4150390625	42.5
3036.181640625	41.51
3046.9482421875	45.52
3057.71484375	47.3
3068.4814453125	43.69
3079.248046875	38.61
3090.0146484375	41.11
3100.78125	46.7
3111.5478515625	43.32
3122.314453125	42.62
3133.0810546875	41.08
3143.84765625	40.21
3154.6142578125	41.26
3165.380859375	43.69
3176.1474609375	41.41
3186.9140625	40.1
3197.6806640625	44.24
3208.447265625	42.49
3219.2138671875	43.27
3229.98046875	38.43
3240.7470703125	35.47
3251.513671875	39.37
3262.2802734375	40.24
3273.046875	39.36
3283.8134765625	37.16
3294.580078125	37.47
3305.3466796875	37.73
3316.11328125	40.71
3326.8798828125	44.23
3337.646484375	37.49
3348.4130859375	37.27
3359.1796875	38.71
3369.9462890625	39.22
3380.712890625	39.07
3391.4794921875	37.52
3402.24609375	31.98
3413.0126953125	32.88
3423.779296875	38.07
3434.5458984375	35.28
3445.3125	40.04
3456.0791015625	41.48
3466.845703125	38.05
3477.6123046875	37.8
3488.37890625	39.82
3499.1455078125	41.76
3509.912109375	40.36
3520.6787109375	37.98
3531.4453125	36.63
3542.2119140625	39.52
3552.978515625	42.53
3563.7451171875	39.52
3574.51171875	35.19
3585.2783203125	37.34
3596.044921875	41.6
3606.8115234375	40.75
3617.578125	36.39
3628.3447265625	39.05
3639.111328125	40.61
3649.8779296875	40.67
3660.64453125	40.06
3671.4111328125	39.92
3682.177734375	37.86
3692.9443359375	40.12
3703.7109375	39.97
3714.4775390625	37.51
3725.244140625	37.12
3736.0107421875	41.11
3746.77734375	40.52
3757.5439453125	35.85
3768.310546875	37.14
3779.0771484375	39.19
3789.84375	35.38
3800.6103515625	31.96
3811.376953125	36.05
3822.1435546875	39.23
3832.91015625	43.28
3843.6767578125	44.12
3854.443359375	40.58
3865.2099609375	42.28
3875.9765625	41.06
3886.7431640625	39.1
3897.509765625	37.07
3908.2763671875	36.64
3919.04296875	38.82
3929.8095703125	40.95
3940.576171875	40.75
3951.3427734375	41.36
3962.109375	41.85
3972.8759765625	41.03
3983.642578125	41.77
3994.4091796875	39.54
4005.17578125	35.59
4015.9423828125	41.18
4026.708984375	35.83
4037.4755859375	35.82
4048.2421875	40.46
4059.0087890625	41.01
4069.775390625	40.25
4080.5419921875	37.63
4091.30859375	39.68
4102.0751953125	41.72
4112.841796875	42.29
4123.6083984375	43.76
4134.375	38.92
4145.1416015625	42.74
4155.908203125	40.66
4166.6748046875	40.07
4177.44140625	40.69
4188.2080078125	37.14
4198.974609375	35.21
4209.7412109375	42.76
4220.5078125	49.54
4231.2744140625	43.57
4242.041015625	43.83
4252.8076171875	40.98
4263.57421875	41.46
4274.3408203125	45.83
4285.107421875	48.31
4295.8740234375	42.05
4306.640625	39.02
4317.4072265625	43.29
4328.173828125	41.95
4338.9404296875	39.69
4349.70703125	36.55
4360.4736328125	34.72
4371.240234375	41.87
4382.0068359375	40.76
4392.7734375	42.62
4403.5400390625	40.02
4414.306640625	41.13
4425.0732421875	43.28
4435.83984375	43.61
4446.6064453125	44.64
4457.373046875	43.19
4468.1396484375	43.24
4478.90625	43.6
4489.6728515625	43.62
4500.439453125	45.01
4511.2060546875	39.48
4521.97265625	38.38
4532.7392578125	42.63
4543.505859375	44.09
4554.2724609375	42.57
4565.0390625	44.87
4575.8056640625	45.16
4586.572265625	42.72
4597.3388671875	40.49
4608.10546875	41.07
4618.8720703125	40.29
4629.638671875	41.16
4640.4052734375	40.23
4651.171875	39.55
4661.9384765625	41.51
4672.705078125	38.27
4683.4716796875	43.65
4694.23828125	46.91
4705.0048828125	41.79
4715.771484375	39.03
4726.5380859375	43.08
4737.3046875	44.27
4748.0712890625	42.75
4758.837890625	43.94
4769.6044921875	44.61
4780.37109375	42.44
4791.1376953125	40.51
4801.904296875	36.65
4812.6708984375	37.64
4823.4375	40.21
4834.2041015625	39.48
4844.970703125	36.73
4855.7373046875	43.61
4866.50390625	44.78
4877.2705078125	43.61
4888.037109375	42.61
4898.8037109375	41.56
4909.5703125	41.34
4920.3369140625	40.42
4931.103515625	37.43
4941.8701171875	41.64
4952.63671875	45.31
4963.4033203125	44.38
4974.169921875	42.87
4984.9365234375	39.72
4995.703125	41.11
5006.4697265625	41.48
5017.236328125	38.96
5028.0029296875	40.88
5038.76953125	40.97
5049.5361328125	39.48
5060.302734375	41.45
5071.0693359375	42.01
5081.8359375	40.6
5092.6025390625	37.95
5103.369140625	37.81
5114.1357421875	41.27
5124.90234375	41.73
5135.6689453125	39.38
5146.435546875	37.13
5157.2021484375	39.27
5167.96875	42.95
5178.7353515625	43.23
5189.501953125	38.44
5200.2685546875	37.07
5211.03515625	38.58
5221.8017578125	35.68
5232.568359375	33.43
5243.3349609375	37.92
5254.1015625	42.94
5264.8681640625	43.13
5275.634765625	38.14
5286.4013671875	37.53
5297.16796875	38.25
5307.9345703125	38.52
5318.701171875	39.81
5329.4677734375	42.39
5340.234375	39.53
5351.0009765625	35.9
5361.767578125	34.11
5372.5341796875	36.3
5383.30078125	39.34
5394.0673828125	39.45
5404.833984375	41.5
5415.6005859375	41.37
5426.3671875	40.78
5437.1337890625	45.58
5447.900390625	39.05
5458.6669921875	37.37
5469.43359375	38.82
5480.2001953125	41.75
5490.966796875	45.1
5501.7333984375	40.9
5512.5	41.29
5523.2666015625	39.93
5534.033203125	38.47
5544.7998046875	38.92
5555.56640625	41.73
5566.3330078125	42.75
5577.099609375	39.88
5587.8662109375	39.67
5598.6328125	41.52
5609.3994140625	46.64
5620.166015625	46.25
5630.9326171875	43.46
5641.69921875	43.06
5652.4658203125	44.59
5663.232421875	42.24
5673.9990234375	43.16
5684.765625	45.86
5695.5322265625	44.99
5706.298828125	47.7
5717.0654296875	46.08
5727.83203125	43.61
5738.5986328125	43.05
5749.365234375	42.22
5760.1318359375	38.66
5770.8984375	38.43
5781.6650390625	41.33
5792.431640625	40.1
5803.1982421875	43.35
5813.96484375	42.65
5824.7314453125	42.17
5835.498046875	42.91
5846.2646484375	44.66
5857.03125	42.83
5867.7978515625	43.34
5878.564453125	45.25
5889.3310546875	42.28
5900.09765625	40.34
5910.8642578125	43.32
5921.630859375	44.83
5932.3974609375	44.97
5943.1640625	43.53
5953.9306640625	41.2
5964.697265625	41.46
5975.4638671875	45.44
5986.23046875	46.6
5996.9970703125	45.78
6007.763671875	41.98
6018.5302734375	40.84
6029.296875	42.64
6040.0634765625	48.38
6050.830078125	44.4
6061.5966796875	43.54
6072.36328125	38.59
6083.1298828125	42.68
6093.896484375	44.09
6104.6630859375	44.02
6115.4296875	44.14
6126.1962890625	47.1
6136.962890625	46.16
6147.7294921875	49.39
6158.49609375	48.1
6169.2626953125	43.29
6180.029296875	40.09
6190.7958984375	44.19
6201.5625	44.02
6212.3291015625	42.3
6223.095703125	42.13
6233.8623046875	47.18
6244.62890625	47.58
6255.3955078125	43.07
6266.162109375	41.76
6276.9287109375	45.03
6287.6953125	47.56
6298.4619140625	46.32
6309.228515625	42.75
6319.9951171875	41.28
6330.76171875	44.17
6341.5283203125	43.58
6352.294921875	46.03
6363.0615234375	45.26
6373.828125	48.13
6384.5947265625	44.47
6395.361328125	41.2
6406.1279296875	41.56
6416.89453125	42.74
6427.6611328125	42.23
6438.427734375	43.48
6449.1943359375	41.11
6459.9609375	41.68
6470.7275390625	43.28
6481.494140625	41.89
6492.2607421875	46.66
6503.02734375	42.25
6513.7939453125	42.39
6524.560546875	42.73
6535.3271484375	44.61
6546.09375	42.53
6556.8603515625	42.25
6567.626953125	41.14
6578.3935546875	43.03
6589.16015625	40.15
6599.9267578125	40.02
6610.693359375	39.28
6621.4599609375	35.31
6632.2265625	38.14
6642.9931640625	39.81
6653.759765625	38.11
6664.5263671875	38.0
6675.29296875	39.94
6686.0595703125	41.19
6696.826171875	39.63
6707.5927734375	40.82
6718.359375	37.52
6729.1259765625	33.94
6739.892578125	38.31
6750.6591796875	41.82
6761.42578125	41.46
6772.1923828125	39.3
6782.958984375	36.05
6793.7255859375	37.67
6804.4921875	38.17
6815.2587890625	39.54
6826.025390625	41.34
6836.7919921875	40.76
6847.55859375	37.4
6858.3251953125	36.55
6869.091796875	34.62
6879.8583984375	37.61
6890.625	40.32
6901.3916015625	40.33
6912.158203125	40.43
6922.9248046875	37.39
6933.69140625	38.85
6944.4580078125	36.08
6955.224609375	35.35
6965.9912109375	38.62
6976.7578125	38.7
6987.5244140625	38.78
6998.291015625	35.62
7009.0576171875	41.52
7019.82421875	39.79
7030.5908203125	46.6
7041.357421875	41.02
7052.1240234375	38.18
7062.890625	41.3
7073.6572265625	35.82
7084.423828125	37.95
7095.1904296875	39.37
7105.95703125	39.77
7116.7236328125	39.76
7127.490234375	38.31
7138.2568359375	38.0
7149.0234375	39.98
7159.7900390625	44.57
7170.556640625	44.42
7181.3232421875	39.02
7192.08984375	38.42
7202.8564453125	38.64
7213.623046875	38.24
7224.3896484375	38.07
7235.15625	35.74
7245.9228515625	36.35
7256.689453125	36.19
7267.4560546875	37.68
7278.22265625	39.9
7288.9892578125	41.38
7299.755859375	38.93
7310.5224609375	37.72
7321.2890625	33.32
7332.0556640625	34.11
7342.822265625	34.49
7353.5888671875	34.81
7364.35546875	34.38
7375.1220703125	37.13
7385.888671875	39.3
7396.6552734375	36.01
7407.421875	34.7
7418.1884765625	36.43
7428.955078125	37.4
7439.7216796875	41.32
7450.48828125	44.03
7461.2548828125	35.03
7472.021484375	30.7
7482.7880859375	35.0
7493.5546875	36.65
7504.3212890625	35.14
7515.087890625	36.25
7525.8544921875	37.97
7536.62109375	39.2
7547.3876953125	37.95
7558.154296875	34.78
7568.9208984375	33.56
7579.6875	35.25
7590.4541015625	37.55
7601.220703125	36.32
7611.9873046875	34.42
7622.75390625	34.28
7633.5205078125	35.72
7644.287109375	38.02
7655.0537109375	35.91
7665.8203125	40.62
7676.5869140625	39.52
7687.353515625	40.0
7698.1201171875	38.16
7708.88671875	35.66
7719.6533203125	40.79
7730.419921875	37.31
7741.1865234375	36.09
7751.953125	37.46
7762.7197265625	39.96
7773.486328125	43.01
7784.2529296875	42.77
7795.01953125	41.41
7805.7861328125	33.99
7816.552734375	34.78
7827.3193359375	40.59
7838.0859375	42.65
7848.8525390625	43.7
7859.619140625	40.41
7870.3857421875	40.17
7881.15234375	43.92
7891.9189453125	39.31
7902.685546875	37.18
7913.4521484375	40.35
7924.21875	35.96
7934.9853515625	36.17
7945.751953125	41.88
7956.5185546875	47.57
7967.28515625	42.79
7978.0517578125	43.85
7988.818359375	38.56
7999.5849609375	38.94
8010.3515625	41.88
8021.1181640625	40.99
8031.884765625	40.6
8042.6513671875	39.94
8053.41796875	39.27
8064.1845703125	41.3
8074.951171875	41.26
8085.7177734375	40.07
8096.484375	37.2
8107.2509765625	39.13
8118.017578125	38.77
8128.7841796875	40.25
8139.55078125	40.1
8150.3173828125	37.8
8161.083984375	38.14
8171.8505859375	38.12
8182.6171875	36.99
8193.3837890625	37.43
8204.150390625	41.98
8214.9169921875	40.41
8225.68359375	39.62
8236.4501953125	41.74
8247.216796875	42.44
8257.9833984375	36.79
8268.75	33.52
8279.5166015625	30.67
8290.283203125	30.83
8301.0498046875	34.22
8311.81640625	36.43
8322.5830078125	35.85
8333.349609375	37.12
8344.1162109375	37.16
8354.8828125	35.35
8365.6494140625	36.0
8376.416015625	35.08
8387.1826171875	36.79
8397.94921875	35.27
8408.7158203125	34.96
8419.482421875	37.12
8430.2490234375	39.1
8441.015625	38.93
8451.7822265625	36.88
8462.548828125	37.2
8473.3154296875	39.47
8484.08203125	36.63
8494.8486328125	30.26
8505.615234375	30.93
8516.3818359375	34.94
8527.1484375	36.32
8537.9150390625	38.41
8548.681640625	39.37
8559.4482421875	41.02
8570.21484375	43.62
8580.9814453125	36.57
8591.748046875	40.44
8602.5146484375	42.78
8613.28125	40.69
8624.0478515625	35.74
8634.814453125	35.86
8645.5810546875	39.86
8656.34765625	40.67
8667.1142578125	41.39
8677.880859375	38.78
8688.6474609375	35.82
8699.4140625	36.01
8710.1806640625	37.66
8720.947265625	32.53
8731.7138671875	32.56
8742.48046875	33.46
8753.2470703125	31.42
8764.013671875	34.02
8774.7802734375	36.73
8785.546875	36.75
8796.3134765625	36.92
8807.080078125	39.5
8817.8466796875	41.62
8828.61328125	42.37
8839.3798828125	40.35
8850.146484375	36.54
8860.9130859375	35.04
8871.6796875	33.26
8882.4462890625	37.61
8893.212890625	39.46
8903.9794921875	37.0
8914.74609375	42.37
8925.5126953125	38.1
8936.279296875	37.04
8947.0458984375	40.67
8957.8125	37.99
8968.5791015625	32.47
8979.345703125	32.45
8990.1123046875	34.45
9000.87890625	39.65
9011.6455078125	39.91
9022.412109375	38.96
9033.1787109375	36.13
9043.9453125	36.3
9054.7119140625	41.65
9065.478515625	43.45
9076.2451171875	41.85
9087.01171875	35.35
9097.7783203125	35.89
9108.544921875	36.58
9119.3115234375	33.52
9130.078125	35.04
9140.8447265625	33.47
9151.611328125	32.95
9162.3779296875	34.51
9173.14453125	32.83
9183.9111328125	32.23
9194.677734375	34.21
9205.4443359375	34.79
9216.2109375	37.15
9226.9775390625	38.53
9237.744140625	34.93
9248.5107421875	38.12
9259.27734375	37.84
9270.0439453125	37.18
9280.810546875	31.77
9291.5771484375	30.76
9302.34375	34.78
9313.1103515625	35.0
9323.876953125	34.23
9334.6435546875	36.78
9345.41015625	36.69
9356.1767578125	38.88
9366.943359375	38.95
9377.7099609375	35.83
9388.4765625	35.88
9399.2431640625	39.38
9410.009765625	37.97
9420.7763671875	33.0
9431.54296875	31.99
9442.3095703125	34.23
9453.076171875	39.4
9463.8427734375	35.53
9474.609375	35.63
9485.3759765625	34.54
9496.142578125	32.1
9506.9091796875	31.99
9517.67578125	35.98
9528.4423828125	33.68
9539.208984375	31.3
9549.9755859375	34.69
9560.7421875	37.38
9571.5087890625	40.14
9582.275390625	36.66
9593.0419921875	39.62
9603.80859375	39.33
9614.5751953125	37.57
9625.341796875	37.97
9636.1083984375	35.14
9646.875	39.11
9657.6416015625	36.25
9668.408203125	34.55
9679.1748046875	33.97
9689.94140625	34.1
9700.7080078125	38.28
9711.474609375	44.18
9722.2412109375	42.04
9733.0078125	35.92
9743.7744140625	37.03
9754.541015625	30.81
9765.3076171875	31.99
9776.07421875	34.39
9786.8408203125	31.84
9797.607421875	34.7
9808.3740234375	36.76
9819.140625	41.83
9829.9072265625	42.59
9840.673828125	35.97
9851.4404296875	37.11
9862.20703125	36.89
9872.9736328125	35.62
9883.740234375	37.85
9894.5068359375	39.4
9905.2734375	36.56
9916.0400390625	37.27
9926.806640625	40.31
9937.5732421875	40.55
9948.33984375	40.54
9959.1064453125	38.19
9969.873046875	39.88
9980.6396484375	39.07
9991.40625	31.94
10002.1728515625	31.87
10012.939453125	38.25
10023.7060546875	40.45
10034.47265625	37.81
10045.2392578125	36.15
10056.005859375	35.77
10066.7724609375	38.07
10077.5390625	39.78
10088.3056640625	41.34
10099.072265625	39.37
10109.8388671875	36.34
10120.60546875	37.0
10131.3720703125	36.41
10142.138671875	38.8
10152.9052734375	39.07
10163.671875	42.12
10174.4384765625	39.08
10185.205078125	42.23
10195.9716796875	42.65
10206.73828125	44.5
10217.5048828125	43.0
10228.271484375	36.69
10239.0380859375	31.82
10249.8046875	35.25
10260.5712890625	39.67
10271.337890625	37.88
10282.1044921875	34.74
10292.87109375	32.45
10303.6376953125	34.54
10314.404296875	38.22
10325.1708984375	36.19
10335.9375	32.65
10346.7041015625	34.88
10357.470703125	39.08
10368.2373046875	39.19
10379.00390625	41.03
10389.7705078125	40.63
10400.537109375	39.91
10411.3037109375	40.08
10422.0703125	39.25
10432.8369140625	36.56
10443.603515625	34.92
10454.3701171875	38.15
10465.13671875	37.36
10475.9033203125	36.66
10486.669921875	37.35
10497.4365234375	41.49
10508.203125	44.61
10518.9697265625	40.47
10529.736328125	41.92
10540.5029296875	41.42
10551.26953125	38.74
10562.0361328125	43.02
10572.802734375	39.08
10583.5693359375	36.64
10594.3359375	37.36
10605.1025390625	39.87
10615.869140625	41.33
10626.6357421875	45.24
10637.40234375	43.16
10648.1689453125	42.64
10658.935546875	43.13
10669.7021484375	39.24
10680.46875	38.77
10691.2353515625	39.34
10702.001953125	38.72
10712.7685546875	38.62
10723.53515625	39.74
10734.3017578125	38.61
10745.068359375	38.72
10755.8349609375	37.11
10766.6015625	32.97
10777.3681640625	36.41
10788.134765625	35.13
10798.9013671875	35.05
10809.66796875	40.49
10820.4345703125	41.68
10831.201171875	36.47
10841.9677734375	36.91
10852.734375	38.76
10863.5009765625	35.04
10874.267578125	35.62
10885.0341796875	35.72
10895.80078125	34.55
10906.5673828125	32.26
10917.333984375	32.3
10928.1005859375	33.49
10938.8671875	37.31
10949.6337890625	36.68
10960.400390625	34.97
10971.1669921875	32.95
10981.93359375	32.62
10992.7001953125	37.55
11003.466796875	39.08
11014.2333984375	40.34
11025.0	36.82
11035.7666015625	36.24
11046.533203125	39.1
11057.2998046875	40.49
11068.06640625	39.74
11078.8330078125	36.16
11089.599609375	34.59
11100.3662109375	34.79
11111.1328125	34.04
11121.8994140625	36.16
11132.666015625	34.98
11143.4326171875	38.92
11154.19921875	41.62
11164.9658203125	42.75
11175.732421875	38.99
11186.4990234375	37.5
11197.265625	41.45
11208.0322265625	40.35
11218.798828125	36.37
11229.5654296875	36.45
11240.33203125	39.25
11251.0986328125	39.48
11261.865234375	36.89
11272.6318359375	40.19
11283.3984375	41.79
11294.1650390625	37.29
11304.931640625	39.71
11315.6982421875	37.83
11326.46484375	40.66
11337.2314453125	44.92
11347.998046875	41.61
11358.7646484375	38.29
11369.53125	39.62
11380.2978515625	41.76
11391.064453125	39.93
11401.8310546875	40.96
11412.59765625	43.83
11423.3642578125	36.51
11434.130859375	35.48
11444.8974609375	37.35
11455.6640625	38.06
11466.4306640625	39.13
11477.197265625	38.98
11487.9638671875	37.65
11498.73046875	38.7
11509.4970703125	35.52
11520.263671875	36.88
11531.0302734375	39.43
11541.796875	37.7
11552.5634765625	37.21
11563.330078125	37.98
11574.0966796875	35.25
11584.86328125	34.15
11595.6298828125	36.52
11606.396484375	40.12
11617.1630859375	39.43
11627.9296875	39.31
11638.6962890625	36.32
11649.462890625	40.28
11660.2294921875	40.46
11670.99609375	38.08
11681.7626953125	33.09
11692.529296875	37.42
11703.2958984375	39.23
11714.0625	39.41
11724.8291015625	39.26
11735.595703125	37.55
11746.3623046875	34.12
11757.12890625	36.31
11767.8955078125	37.85
11778.662109375	36.32
11789.4287109375	33.46
11800.1953125	32.91
11810.9619140625	33.71
11821.728515625	39.41
11832.4951171875	36.49
11843.26171875	34.86
11854.0283203125	32.3
11864.794921875	32.41
11875.5615234375	29.73
11886.328125	34.14
11897.0947265625	35.26
11907.861328125	32.78
11918.6279296875	35.57
11929.39453125	36.16
11940.1611328125	35.5
11950.927734375	37.24
11961.6943359375	37.39
11972.4609375	40.16
11983.2275390625	35.87
11993.994140625	38.06
12004.7607421875	39.77
12015.52734375	36.51
12026.2939453125	34.13
12037.060546875	38.6
12047.8271484375	41.19
12058.59375	34.96
12069.3603515625	36.46
12080.126953125	39.12
12090.8935546875	40.04
12101.66015625	42.67
12112.4267578125	41.6
12123.193359375	42.94
12133.9599609375	43.8
12144.7265625	43.17
12155.4931640625	42.28
12166.259765625	39.22
12177.0263671875	39.18
12187.79296875	43.95
12198.5595703125	44.37
12209.326171875	42.55
12220.0927734375	42.59
12230.859375	40.86
12241.6259765625	41.48
12252.392578125	40.16
12263.1591796875	40.7
12273.92578125	44.36
12284.6923828125	47.4
12295.458984375	44.17
12306.2255859375	41.85
12316.9921875	40.43
12327.7587890625	43.31
12338.525390625	43.72
12349.2919921875	38.84
12360.05859375	37.04
12370.8251953125	36.44
12381.591796875	37.0
12392.3583984375	39.12
12403.125	41.54
12413.8916015625	46.59
12424.658203125	39.9
12435.4248046875	38.92
12446.19140625	41.06
12456.9580078125	40.09
12467.724609375	38.0
12478.4912109375	38.41
12489.2578125	43.36
12500.0244140625	42.03
12510.791015625	41.66
12521.5576171875	42.28
12532.32421875	38.58
12543.0908203125	41.89
12553.857421875	45.28
12564.6240234375	43.87
12575.390625	44.93
12586.1572265625	42.28
12596.923828125	44.13
12607.6904296875	45.38
12618.45703125	44.67
12629.2236328125	42.04
12639.990234375	40.04
12650.7568359375	40.11
12661.5234375	44.6
12672.2900390625	43.58
12683.056640625	39.8
12693.8232421875	45.02
12704.58984375	43.56
12715.3564453125	42.06
12726.123046875	40.33
12736.8896484375	44.14
12747.65625	47.08
12758.4228515625	44.14
12769.189453125	42.11
12779.9560546875	46.41
12790.72265625	46.79
12801.4892578125	43.84
12812.255859375	41.63
12823.0224609375	37.92
12833.7890625	38.56
12844.5556640625	39.75
12855.322265625	40.01
12866.0888671875	40.02
12876.85546875	40.76
12887.6220703125	44.65
12898.388671875	47.17
12909.1552734375	46.22
12919.921875	42.23
12930.6884765625	42.58
12941.455078125	43.46
12952.2216796875	44.66
12962.98828125	45.76
12973.7548828125	43.63
12984.521484375	43.45
12995.2880859375	44.04
13006.0546875	42.73
13016.8212890625	44.73
13027.587890625	41.49
13038.3544921875	40.19
13049.12109375	43.3
13059.8876953125	40.29
13070.654296875	43.03
13081.4208984375	42.06
13092.1875	37.5
13102.9541015625	44.07
13113.720703125	45.65
13124.4873046875	43.43
13135.25390625	42.66
13146.0205078125	42.04
13156.787109375	35.51
13167.5537109375	40.31
13178.3203125	43.29
13189.0869140625	41.65
13199.853515625	44.01
13210.6201171875	40.93
13221.38671875	39.39
13232.1533203125	42.5
13242.919921875	44.22
13253.6865234375	41.01
13264.453125	40.7
13275.2197265625	45.1
13285.986328125	42.6
13296.7529296875	41.44
13307.51953125	42.85
13318.2861328125	44.09
13329.052734375	43.85
13339.8193359375	44.13
13350.5859375	40.82
13361.3525390625	41.75
13372.119140625	43.31
13382.8857421875	43.66
13393.65234375	44.75
13404.4189453125	41.17
13415.185546875	41.67
13425.9521484375	44.68
13436.71875	44.66
13447.4853515625	45.63
13458.251953125	43.84
13469.0185546875	40.01
13479.78515625	44.14
13490.5517578125	47.09
13501.318359375	42.15
13512.0849609375	41.11
13522.8515625	43.1
13533.6181640625	44.06
13544.384765625	43.11
13555.1513671875	41.29
13565.91796875	47.47
13576.6845703125	41.0
13587.451171875	42.01
13598.2177734375	41.57
13608.984375	45.05
13619.7509765625	47.88
13630.517578125	42.87
13641.2841796875	41.8
13652.05078125	43.71
13662.8173828125	44.0
13673.583984375	40.32
13684.3505859375	41.24
13695.1171875	42.99
13705.8837890625	42.77
13716.650390625	38.04
13727.4169921875	39.91
13738.18359375	40.84
13748.9501953125	42.9
13759.716796875	41.74
13770.4833984375	40.48
13781.25	41.2
13792.0166015625	39.26
13802.783203125	39.91
13813.5498046875	41.29
13824.31640625	41.51
13835.0830078125	41.75
13845.849609375	40.37
13856.6162109375	40.23
13867.3828125	39.53
13878.1494140625	40.45
13888.916015625	44.78
13899.6826171875	44.8
13910.44921875	42.08
13921.2158203125	45.28
13931.982421875	45.99
13942.7490234375	42.7
13953.515625	41.52
13964.2822265625	42.37
13975.048828125	41.39
13985.8154296875	42.8
13996.58203125	46.9
14007.3486328125	44.49
14018.115234375	46.14
14028.8818359375	43.96
14039.6484375	42.82
14050.4150390625	43.74
14061.181640625	44.77
14071.9482421875	41.02
14082.71484375	40.31
14093.4814453125	38.6
14104.248046875	41.42
14115.0146484375	44.55
14125.78125	41.34
14136.5478515625	40.25
14147.314453125	42.98
14158.0810546875	46.25
14168.84765625	41.33
14179.6142578125	38.82
14190.380859375	39.35
14201.1474609375	45.01
14211.9140625	42.41
14222.6806640625	44.48
14233.447265625	40.98
14244.2138671875	39.29
14254.98046875	41.93
14265.7470703125	38.05
14276.513671875	41.9
14287.2802734375	42.81
14298.046875	41.61
14308.8134765625	39.58
14319.580078125	42.44
14330.3466796875	46.15
14341.11328125	46.22
14351.8798828125	43.54
14362.646484375	47.43
14373.4130859375	43.9
14384.1796875	42.21
14394.9462890625	40.33
14405.712890625	37.71
14416.4794921875	44.38
14427.24609375	46.22
14438.0126953125	47.13
14448.779296875	47.51
14459.5458984375	48.16
14470.3125	46.54
14481.0791015625	48.03
14491.845703125	44.34
14502.6123046875	40.82
14513.37890625	41.67
14524.1455078125	44.67
14534.912109375	45.25
14545.6787109375	41.47
14556.4453125	45.43
14567.2119140625	43.62
14577.978515625	42.56
14588.7451171875	41.5
14599.51171875	38.39
14610.2783203125	44.24
14621.044921875	44.78
14631.8115234375	45.2
14642.578125	41.48
14653.3447265625	39.32
14664.111328125	39.57
14674.8779296875	40.51
14685.64453125	44.86
14696.4111328125	42.73
14707.177734375	43.51
14717.9443359375	41.63
14728.7109375	40.39
14739.4775390625	43.32
14750.244140625	44.29
14761.0107421875	42.52
14771.77734375	45.59
14782.5439453125	40.64
14793.310546875	42.24
14804.0771484375	41.49
14814.84375	39.99
14825.6103515625	42.26
14836.376953125	43.18
14847.1435546875	41.01
14857.91015625	41.06
14868.6767578125	41.29
14879.443359375	42.5
14890.2099609375	45.06
14900.9765625	46.24
14911.7431640625	46.24
14922.509765625	40.4
14933.2763671875	40.29
14944.04296875	43.63
14954.8095703125	45.41
14965.576171875	43.8
14976.3427734375	40.13
14987.109375	43.26
14997.8759765625	41.66
15008.642578125	41.52
15019.4091796875	41.27
15030.17578125	41.04
15040.9423828125	42.4
15051.708984375	40.97
15062.4755859375	42.73
15073.2421875	43.33
15084.0087890625	40.75
15094.775390625	43.47
15105.5419921875	46.11
15116.30859375	46.96
15127.0751953125	45.7
15137.841796875	44.78
15148.6083984375	45.78
15159.375	43.32
15170.1416015625	41.23
15180.908203125	43.85
15191.6748046875	43.61
15202.44140625	43.2
15213.2080078125	43.09
15223.974609375	41.09
15234.7412109375	42.0
15245.5078125	39.66
15256.2744140625	39.15
15267.041015625	40.53
15277.8076171875	40.67
15288.57421875	39.63
15299.3408203125	43.93
15310.107421875	41.49
15320.8740234375	42.26
15331.640625	43.09
15342.4072265625	42.12
15353.173828125	43.99
15363.9404296875	43.67
15374.70703125	40.3
15385.4736328125	41.72
15396.240234375	42.49
15407.0068359375	42.15
15417.7734375	40.26
15428.5400390625	44.47
15439.306640625	45.53
15450.0732421875	45.39
15460.83984375	43.21
15471.6064453125	45.22
15482.373046875	39.81
15493.1396484375	46.34
15503.90625	46.62
15514.6728515625	40.95
15525.439453125	37.51
15536.2060546875	41.21
15546.97265625	42.47
15557.7392578125	43.83
15568.505859375	44.29
15579.2724609375	45.44
15590.0390625	42.74
15600.8056640625	41.3
15611.572265625	41.07
15622.3388671875	39.74
15633.10546875	37.22
15643.8720703125	36.7
15654.638671875	39.49
15665.4052734375	40.22
15676.171875	36.91
15686.9384765625	39.19
15697.705078125	38.63
15708.4716796875	39.85
15719.23828125	43.03
15730.0048828125	39.81
15740.771484375	36.61
15751.5380859375	37.71
15762.3046875	39.34
15773.0712890625	36.46
15783.837890625	37.99
15794.6044921875	40.05
15805.37109375	42.71
15816.1376953125	42.64
15826.904296875	42.88
15837.6708984375	43.59
15848.4375	40.04
15859.2041015625	40.32
15869.970703125	41.65
15880.7373046875	39.36
15891.50390625	40.33
15902.2705078125	38.7
15913.037109375	37.88
15923.8037109375	41.62
15934.5703125	41.74
15945.3369140625	38.39
15956.103515625	41.22
15966.8701171875	42.2
15977.63671875	42.02
15988.4033203125	41.49
15999.169921875	41.75
16009.9365234375	38.96
16020.703125	40.94
16031.4697265625	42.42
16042.236328125	40.68
16053.0029296875	39.16
16063.76953125	40.01
16074.5361328125	37.97
16085.302734375	41.31
16096.0693359375	37.1
16106.8359375	35.93
16117.6025390625	41.95
16128.369140625	42.1
16139.1357421875	41.1
16149.90234375	41.11
16160.6689453125	42.52
16171.435546875	40.99
16182.2021484375	43.07
16192.96875	37.54
16203.7353515625	36.9
16214.501953125	36.67
16225.2685546875	39.6
16236.03515625	42.76
16246.8017578125	43.07
16257.568359375	42.5
16268.3349609375	39.14
16279.1015625	37.0
16289.8681640625	40.66
16300.634765625	41.42
16311.4013671875	40.09
16322.16796875	42.08
16332.9345703125	42.67
16343.701171875	44.19
16354.4677734375	39.9
16365.234375	40.19
16376.0009765625	39.4
16386.767578125	41.26
16397.5341796875	44.15
16408.30078125	46.27
16419.0673828125	44.61
16429.833984375	40.23
16440.6005859375	43.0
16451.3671875	42.68
16462.1337890625	44.52
16472.900390625	42.79
16483.6669921875	46.83
16494.43359375	43.95
16505.2001953125	43.07
16515.966796875	43.28
16526.7333984375	41.42
16537.5	38.72
16548.2666015625	38.04
16559.033203125	41.42
16569.7998046875	43.87
16580.56640625	42.34
16591.3330078125	42.08
16602.099609375	43.24
16612.8662109375	41.86
16623.6328125	42.02
16634.3994140625	39.06
16645.166015625	40.34
16655.9326171875	41.9
16666.69921875	40.35
16677.4658203125	40.55
16688.232421875	44.32
16698.9990234375	46.74
16709.765625	45.81
16720.5322265625	42.92
16731.298828125	38.16
16742.0654296875	40.55
16752.83203125	45.35
16763.5986328125	45.69
16774.365234375	41.73
16785.1318359375	39.84
16795.8984375	41.93
16806.6650390625	41.92
16817.431640625	43.18
16828.1982421875	39.66
16838.96484375	39.58
16849.7314453125	39.95
16860.498046875	42.45
16871.2646484375	42.95
16882.03125	44.09
16892.7978515625	42.43
16903.564453125	36.83
16914.3310546875	41.18
16925.09765625	41.22
16935.8642578125	39.99
16946.630859375	38.34
16957.3974609375	40.54
16968.1640625	41.69
16978.9306640625	41.8
16989.697265625	44.32
17000.4638671875	38.13
17011.23046875	39.1
17021.9970703125	43.56
17032.763671875	44.09
17043.5302734375	41.69
17054.296875	37.93
17065.0634765625	41.04
17075.830078125	40.91
17086.5966796875	39.65
17097.36328125	38.08
17108.1298828125	37.15
17118.896484375	38.25
17129.6630859375	39.48
17140.4296875	40.8
17151.1962890625	42.96
17161.962890625	39.34
17172.7294921875	42.02
17183.49609375	38.66
17194.2626953125	36.91
17205.029296875	38.68
17215.7958984375	39.92
17226.5625	41.9
17237.3291015625	40.59
17248.095703125	43.25
17258.8623046875	45.43
17269.62890625	44.51
17280.3955078125	45.57
17291.162109375	41.68
17301.9287109375	41.1
17312.6953125	41.2
17323.4619140625	42.08
17334.228515625	40.86
17344.9951171875	41.04
17355.76171875	38.68
17366.5283203125	38.89
17377.294921875	38.85
17388.0615234375	40.57
17398.828125	36.82
17409.5947265625	34.97
17420.361328125	38.0
17431.1279296875	40.62
17441.89453125	35.98
17452.6611328125	37.64
17463.427734375	37.31
17474.1943359375	35.55
17484.9609375	35.46
17495.7275390625	36.77
17506.494140625	39.68
17517.2607421875	38.67
17528.02734375	37.3
17538.7939453125	37.35
17549.560546875	38.62
17560.3271484375	41.81
17571.09375	40.97
17581.8603515625	43.78
17592.626953125	39.11
17603.3935546875	38.57
17614.16015625	36.49
17624.9267578125	34.13
17635.693359375	35.04
17646.4599609375	34.19
17657.2265625	33.67
17667.9931640625	35.5
17678.759765625	37.68
17689.5263671875	37.33
17700.29296875	33.66
17711.0595703125	33.28
17721.826171875	35.9
17732.5927734375	37.45
17743.359375	38.93
17754.1259765625	34.67
17764.892578125	33.41
17775.6591796875	39.06
17786.42578125	37.72
17797.1923828125	38.75
17807.958984375	35.35
17818.7255859375	32.75
17829.4921875	36.09
17840.2587890625	37.63
17851.025390625	36.52
17861.7919921875	38.43
17872.55859375	36.65
17883.3251953125	35.14
17894.091796875	33.02
17904.8583984375	33.78
17915.625	37.14
17926.3916015625	37.36
17937.158203125	37.23
17947.9248046875	36.49
17958.69140625	34.56
17969.4580078125	37.01
17980.224609375	37.02
17990.9912109375	34.43
18001.7578125	34.22
18012.5244140625	33.48
18023.291015625	32.79
18034.0576171875	34.29
18044.82421875	35.24
18055.5908203125	35.68
18066.357421875	36.53
18077.1240234375	36.62
18087.890625	36.22
18098.6572265625	33.4
18109.423828125	36.48
18120.1904296875	36.02
18130.95703125	34.75
18141.7236328125	32.78
18152.490234375	34.62
18163.2568359375	38.7
18174.0234375	32.04
18184.7900390625	31.89
18195.556640625	35.52
18206.3232421875	33.27
18217.08984375	37.24
18227.8564453125	34.64
18238.623046875	34.44
18249.3896484375	34.22
18260.15625	34.98
18270.9228515625	35.68
18281.689453125	31.26
18292.4560546875	34.71
18303.22265625	30.07
18313.9892578125	30.48
18324.755859375	31.96
18335.5224609375	32.73
18346.2890625	36.76
18357.0556640625	31.86
18367.822265625	33.36
18378.5888671875	33.05
18389.35546875	33.13
18400.1220703125	31.29
18410.888671875	27.97
18421.6552734375	30.59
18432.421875	35.78
18443.1884765625	34.58
18453.955078125	29.6
18464.7216796875	28.13
18475.48828125	31.55
18486.2548828125	34.5
18497.021484375	33.58
18507.7880859375	31.28
18518.5546875	34.94
18529.3212890625	33.21
18540.087890625	31.64
18550.8544921875	32.05
18561.62109375	31.25
18572.3876953125	29.38
18583.154296875	30.88
18593.9208984375	34.04
18604.6875	34.1
18615.4541015625	30.55
18626.220703125	32.24
18636.9873046875	33.25
18647.75390625	32.77
18658.5205078125	31.42
18669.287109375	35.25
18680.0537109375	31.56
18690.8203125	30.35
18701.5869140625	27.48
18712.353515625	26.74
18723.1201171875	29.02
18733.88671875	33.55
18744.6533203125	31.83
18755.419921875	30.14
18766.1865234375	26.97
18776.953125	29.68
18787.7197265625	30.4
18798.486328125	29.38
18809.2529296875	28.96
18820.01953125	29.68
18830.7861328125	30.52
18841.552734375	29.4
18852.3193359375	30.57
18863.0859375	30.07
18873.8525390625	29.69
18884.619140625	30.24
18895.3857421875	26.84
18906.15234375	28.16
18916.9189453125	30.75
18927.685546875	28.0
18938.4521484375	26.6
18949.21875	28.37
18959.9853515625	26.88
18970.751953125	27.42
18981.5185546875	29.1
18992.28515625	28.13
19003.0517578125	26.7
19013.818359375	29.19
19024.5849609375	25.81
19035.3515625	23.04
19046.1181640625	23.86
19056.884765625	27.42
19067.6513671875	25.45
19078.41796875	25.53
19089.1845703125	27.19
19099.951171875	24.4
19110.7177734375	25.27
19121.484375	24.9
19132.2509765625	25.48
19143.017578125	24.07
19153.7841796875	26.61
19164.55078125	28.69
19175.3173828125	24.83
19186.083984375	21.08
19196.8505859375	23.44
19207.6171875	26.1
19218.3837890625	29.33
19229.150390625	25.66
19239.9169921875	23.51
19250.68359375	21.26
19261.4501953125	21.32
19272.216796875	20.89
19282.9833984375	21.8
19293.75	25.88
19304.5166015625	22.6
19315.283203125	23.64
19326.0498046875	27.2
19336.81640625	24.06
19347.5830078125	22.99
19358.349609375	21.83
19369.1162109375	22.31
19379.8828125	23.22
19390.6494140625	22.71
19401.416015625	22.45
19412.1826171875	22.91
19422.94921875	23.96
19433.7158203125	25.66
19444.482421875	23.0
19455.2490234375	19.92
19466.015625	20.79
19476.7822265625	21.74
19487.548828125	22.52
19498.3154296875	22.28
19509.08203125	24.02
19519.8486328125	22.46
19530.615234375	24.67
19541.3818359375	22.47
19552.1484375	22.51
19562.9150390625	23.31
19573.681640625	24.4
19584.4482421875	24.12
19595.21484375	27.05
19605.9814453125	24.71
19616.748046875	23.89
19627.5146484375	28.06
19638.28125	23.9
19649.0478515625	21.88
19659.814453125	21.42
19670.5810546875	25.52
19681.34765625	25.3
19692.1142578125	25.69
19702.880859375	23.03
19713.6474609375	25.22
19724.4140625	23.0
19735.1806640625	21.42
19745.947265625	26.32
19756.7138671875	24.91
19767.48046875	24.4
19778.2470703125	26.23
19789.013671875	28.66
19799.7802734375	28.69
19810.546875	27.04
19821.3134765625	26.7
19832.080078125	30.79
19842.8466796875	28.33
19853.61328125	26.13
19864.3798828125	24.77
19875.146484375	24.03
19885.9130859375	25.84
19896.6796875	25.97
19907.4462890625	26.91
19918.212890625	29.32
19928.9794921875	30.38
19939.74609375	28.03
19950.5126953125	28.4
19961.279296875	26.93
19972.0458984375	27.84
19982.8125	29.84
19993.5791015625	29.23
20004.345703125	29.62
20015.1123046875	31.99
20025.87890625	32.82
20036.6455078125	36.33
20047.412109375	36.91
20058.1787109375	36.25
20068.9453125	36.89
20079.7119140625	38.18
20090.478515625	37.59
20101.2451171875	39.98
20112.01171875	42.96
20122.7783203125	47.05
20133.544921875	51.2
20144.3115234375	49.86
20155.078125	51.86
20165.8447265625	51.86
20176.611328125	51.86
20187.3779296875	51.86
20198.14453125	51.86
20208.9111328125	51.86
20219.677734375	51.86
20230.4443359375	51.86
20241.2109375	51.86
20251.9775390625	51.86
20262.744140625	51.86
20273.5107421875	51.86
20284.27734375	51.86
20295.0439453125	51.86
20305.810546875	51.86
20316.5771484375	51.86
20327.34375	51.86
20338.1103515625	51.86
20348.876953125	51.86
20359.6435546875	51.86
20370.41015625	51.86
20381.1767578125	51.86
20391.943359375	51.86
20402.7099609375	51.86
20413.4765625	51.86
20424.2431640625	51.86
20435.009765625	51.86
20445.7763671875	51.86
20456.54296875	51.86
20467.3095703125	51.86
20478.076171875	51.86
20488.8427734375	51.86
20499.609375	51.86
20510.3759765625	51.86
20521.142578125	51.86
20531.9091796875	51.86
20542.67578125	51.86
20553.4423828125	51.86
20564.208984375	51.86
20574.9755859375	51.86
20585.7421875	51.86
20596.5087890625	51.86
20607.275390625	51.86
20618.0419921875	51.86
20628.80859375	51.86
20639.5751953125	51.86
20650.341796875	51.86
20661.1083984375	51.86
20671.875	51.86
20682.6416015625	51.86
20693.408203125	51.86
20704.1748046875	51.86
20714.94140625	51.86
20725.7080078125	51.86
20736.474609375	51.86
20747.2412109375	51.86
20758.0078125	51.86
20768.7744140625	51.86
20779.541015625	51.86
20790.3076171875	51.86
20801.07421875	51.86
20811.8408203125	51.86
20822.607421875	51.86
20833.3740234375	51.86
20844.140625	51.86
20854.9072265625	51.86
20865.673828125	51.86
20876.4404296875	51.86
20887.20703125	51.86
20897.9736328125	51.86
20908.740234375	51.86
20919.5068359375	51.86
20930.2734375	51.86
20941.0400390625	51.86
20951.806640625	51.86
20962.5732421875	51.86
20973.33984375	51.86
20984.1064453125	51.86
20994.873046875	51.86
21005.6396484375	51.86
21016.40625	51.86
21027.1728515625	51.86
21037.939453125	51.86
21048.7060546875	51.86
21059.47265625	51.86
21070.2392578125	51.86
21081.005859375	51.86
21091.7724609375	51.86
21102.5390625	51.86
21113.3056640625	51.86
21124.072265625	51.86
21134.8388671875	51.86
21145.60546875	51.86
21156.3720703125	51.86
21167.138671875	51.86
21177.9052734375	51.86
21188.671875	51.86
21199.4384765625	51.86
21210.205078125	51.86
21220.9716796875	51.86
21231.73828125	51.86
21242.5048828125	51.86
21253.271484375	51.86
21264.0380859375	51.86
21274.8046875	51.86
21285.5712890625	51.86
21296.337890625	51.86
21307.1044921875	51.86
21317.87109375	51.86
21328.6376953125	51.86
21339.404296875	51.86
21350.1708984375	51.86
21360.9375	51.86
21371.7041015625	51.86
21382.470703125	51.86
21393.2373046875	51.86
21404.00390625	51.86
21414.7705078125	51.86
21425.537109375	51.86
21436.3037109375	51.86
21447.0703125	51.86
21457.8369140625	51.86
21468.603515625	51.86
21479.3701171875	51.86
21490.13671875	51.86
21500.9033203125	51.86
21511.669921875	51.86
21522.4365234375	51.86
21533.203125	51.86
21543.9697265625	51.86
21554.736328125	51.86
21565.5029296875	51.86
21576.26953125	51.86
21587.0361328125	51.86
21597.802734375	51.86
21608.5693359375	51.86
21619.3359375	51.86
21630.1025390625	51.86
21640.869140625	51.86
21651.6357421875	51.86
21662.40234375	51.86
21673.1689453125	51.86
21683.935546875	51.86
21694.7021484375	51.86
21705.46875	51.86
21716.2353515625	51.86
21727.001953125	51.86
21737.7685546875	51.86
21748.53515625	51.86
21759.3017578125	51.86
21770.068359375	51.86
21780.8349609375	51.86
21791.6015625	51.86
21802.3681640625	51.86
21813.134765625	51.86
21823.9013671875	51.86
21834.66796875	51.86
21845.4345703125	51.86
21856.201171875	51.86
21866.9677734375	51.86
21877.734375	51.86
21888.5009765625	51.86
21899.267578125	51.86
21910.0341796875	51.86
21920.80078125	51.86
21931.5673828125	51.86
21942.333984375	51.86
21953.1005859375	51.86
21963.8671875	51.86
21974.6337890625	51.86
21985.400390625	51.86
21996.1669921875	51.86
22006.93359375	51.86
22017.7001953125	51.86
22028.466796875	51.86
22039.2333984375	51.86
